
state={
	id=410
	name="STATE_410"
	provinces={
		90 161 362 385 625 631 853 1018 1049 1150 1362 1787 1869 1996 2143 2525 2799 3100 3159 3339 3815 3885 3977 3979 3981 4069 4397 4434 4492 4515 4584 4760 4900 4969 4985 5017 5311 5398 5468 5496 5684 5707 5847 5921 6473 6629 6735 6844 6870 6890 6983 7327 7406 7755 8311 8390 8458 8886 8924 9237 9691 9889 11184 11294 11311 11357 11374 11419 11423 11449 11477 11524 11525 11532 11542 11545 11555 11576 11597 11620 11621 11627 11643 11667 11779 11785 11858 11894 11917 11934 
	}
	manpower=0
	buildings_max_level_factor=1.000
}
