
state={
	id=427
	name="STATE_427"
	provinces={
		36 110 168 203 243 393 841 907 1003 1180 1778 1849 1957 2002 2113 2314 2420 2760 2806 2860 2910 3098 3242 3322 3451 3494 3595 3657 3679 3688 4323 4383 4458 4865 4895 5034 5310 5314 5335 5350 5667 5848 6072 6085 6224 6508 6612 6927 6984 6996 7115 7346 7382 7433 7467 7612 7633 7640 7898 7985 7991 7997 7998 8036 8169 8249 8270 8346 8809 8905 8989 9032 9236 9297 9598 9677 9739 9762 9794 11136 11252 11373 11391 11395 11401 11406 11413 11431 11435 11456 11467 11472 11473 11490 11499 11500 11501 11506 11508 11509 11523 11531 11554 11560 11585 11591 11608 11618 11619 11625 11650 11658 11659 11701 11707 11720 11738 11830 12476 17386 17391 
	}
	manpower=0
	buildings_max_level_factor=1.000
}
